3
3 2 3 1
4.95098059545325 5.231235761395876 
-2.714965597455216 5.956122983248925 
5.773606078959793 -2.5760626390355785 
-0.507173121681144 
0.17645540151456093 
0.13047108239594923 
4 3 4 1
1.9964505382966782 0.3866035550429555 0.4484869951129089 
-8.619918164845773 5.807277946980392 5.72779783196005 
-1.7525923911211707 1.1473381411553205 1.247969649712878 
1.487508132417173 -0.4447643121582715 -0.6911039742723266 
0.7595535011667158 
-0.12302238947677378 
0.015364946201951021 
0.8935190569535337 
1 4 1 1
3.735142215265385 -13.482141699536955 -1.551545667179825 3.3879964002874337 
1.2197723479610747 
